10:56:53
   7876  115   31 00:00:12 python
0, 0, 1
1, 0, 1
10:56:55
   7876  113   31 00:00:14 python
0, 0, 1
1, 0, 1
10:56:57
   7876  111   31 00:00:16 python
0, 0, 1
1, 0, 1
10:56:59
   7876  110   31 00:00:18 python
0, 0, 1
1, 0, 1
10:57:01
   7876  108   31 00:00:20 python
0, 0, 1
1, 0, 1
10:57:03
   7876  108   31 00:00:22 python
0, 0, 1
1, 0, 1
10:57:05
   7876  107   31 00:00:24 python
0, 0, 1
1, 0, 1
10:57:08
   7876  106   31 00:00:27 python
0, 0, 1
1, 0, 1
10:57:10
   7876  106   31 00:00:29 python
0, 0, 1
1, 0, 1
10:57:12
   7876  105   31 00:00:31 python
0, 0, 1
1, 0, 1
10:57:14
   7876  105   31 00:00:33 python
0, 0, 1
1, 0, 1
10:57:16
   7876  105   31 00:00:35 python
0, 0, 1
1, 0, 1
10:57:18
   7876  104   38 00:00:37 python
0, 0, 1
1, 0, 1
10:57:20
   7876  104   38 00:00:39 python
0, 0, 1
1, 0, 1
10:57:22
   7876  104   38 00:00:41 python
0, 0, 1
1, 0, 1
10:57:24
   7876  104   38 00:00:43 python
0, 0, 1
1, 0, 1
10:57:26
   7876  103   38 00:00:45 python
0, 0, 1
1, 0, 1
10:57:28
   7876  103   38 00:00:47 python
0, 0, 1
1, 0, 1
10:57:30
   7876  103   38 00:00:50 python
0, 0, 1
1, 0, 1
10:57:33
   7876  103   38 00:00:52 python
0, 0, 1
1, 0, 1
10:57:35
   7876  103   38 00:00:54 python
0, 0, 1
1, 0, 1
10:57:37
   7876  103   38 00:00:56 python
0, 0, 1
1, 0, 1
10:57:39
   7876  103   38 00:00:58 python
0, 0, 1
1, 0, 1
10:57:41
   7876  102   38 00:01:00 python
0, 0, 1
1, 0, 1
10:57:43
   7876  102   38 00:01:02 python
0, 0, 1
1, 0, 1
